664
673
678
683
768
800
896
940
958
976
997
1024
1061
1088
1097
1138
1162
1174
1179
1189
1199
1216
1230
1245
1272
1280
1296
1968
2096
2157
2172
2192
2200
2210
2225
2256
2280
2293
2303
2334
2352
2393
2416
2426
2467
2476
2485
2495
2505
2529
2542
2568
2576
2586
2599
2610
2623
2636
2647
2660
2673
2684
2692
2697
2702
2717
2725
2832
2846
2880
2909
2952
4608
9456
9480
9486
9512
10512
10576
10590
11104
11139
11145
11178
11231
11289
11299
11824
11861
11867
11871
11882
11904
11912
11926
12320
12377
12384
12448
12513
12684
12704
12724
12732
13328
13353
13361
13375
13424
13448
13712
13760
13771
13797
13810
13862
13910
13967
16640
16686
16697
16723
16743
16791
16840
16897
16928
16944
16951
18784
18808
18814
18840
27264
27310
27314
27336
27452
27582
27701
27741
27849
27866
27994
28010
28110
28126
28228
28356
28486
28605
28645
28756
28773
28904
28920
29023
29039
29144
29197
29213
29392
29420
29432
29448
29460
29472
29484
29496
29508
29513
54048
54128
54136
54164
54194
54224
54228
54246
54267
54289
54306
54328
54506
54531
54581
54631
54664
54693
54961
54986
55254
55279
55329
55379
55955
55980
56030
56080
56097
56119
56136
56158
56175
56197
56381
56403
56453
56503
56536
56565
56839
56861
57135
57157
57207
57257
57833
57855
57905
57955
57972
57994
58006
58030
58053
58076
58104
58131
58159
58187
58464
58485
58528
58561
58574
58584
58656
58690
58773
58800
58854
66368
66388
66392
66400
66415
66419
66427
66442
66446
66454
66512
66537
66552
68352
68372
68376
68384
68399
68403
68411
68426
68430
68438
68496
68521
68536
69584
69623
69638
69646
88400
88528
88544
88816
88896
88912
88952
88964
102688
102888
102900
104608
104661
104685
105616
105634
105712
105726
105736
105749
107504
107712
107727
108112
108128
108143
108170
108190
108198
108208
108255
110256
110270
110278
113920
113967
114033
114094
114104
117792
117851
117865
120000
120047
120056
121392
121408
121421
121430
121451
121456
123664
123680
123693
123702
123723
123728
123744
123760
123773
123782
123803
123808
126352
126368
126386
126395
126416
126672
126688
126706
126715
126736
126752
126768
126786
126795
126816
177104
177116
177131
177146
177161
177176
177191
177206
177221
177236
177251
177266
177281
177824
177867
177908
177962
177972
177975
177987
178001
178006
178041
178047
178057
178060
178072
178086
178091
178104
178120
178144
178166
178198
178232
178260
178640
179984
180021
180026
180039
180044
180048
180480
180517
180579
180608
180631
180636
180662
181504
181512
181520
181549
181559
181584
181610
181621
181641
181665
181720
181731
181736
181808
181818
182159
183280
183376
183400
186208
186224
186688
186816
186823
188416
188443
188531
188656
188704
188726
188744
188766
189136
189161
189244
189360
189416
189434
189456
189477
190288
190321
191000
191120
191142
191648
191681
192360
192480
192502
193488
193519
194240
194368
194386
194912
194943
195664
195792
195810
197136
197147
197149
197160
197184
197192
197203
197205
197216
197223
197248
197255
197262
197280
197286
197292
197312
197328
197376
197392
197408
197424
198656
198680
198688
198709
198716
198725
198736
198743
198763
198784
198787
198806
198824
198837
198848
198866
198912
198923
198939
198950
198967
198988
201296
201343
201472
201519
205184
205288
205299
208928
208987
209001
211136
211183
211192
212528
212544
212557
212566
212587
212592
215200
215216
215229
215238
215259
215264
215280
215296
215309
215318
215339
215344
217856
217872
217890
217899
217920
218176
218192
218210
218219
218240
218256
218272
218290
218299
218320
219984
219992
220008
220049
220816
220855
220878
259040
259063
259075
259080
260336
260410
260445
260459
260504
260516
260524
260568
260603
260625
260696
260768
260808
261104
261120
263120
263183
263241
263261
263289
263323
263332
263341
263354
263421
263461
263496
263776
263789
267616
267628
267643
267658
267673
267688
267703
267718
267733
267748
267763
267778
267793
333744
333869
333879
333945
334144
334169
335392
335397
336592
336616
337832
337837
359280
359285
359296
359399
359424
359664
359680
359690
359714
359726
359732
359826
359850
359855
359922
359952
360528
360584
360632
360644
360649
360659
360664
360672
360686
360705
360710
360715
360731
360768
360789
360794
360806
360820
360825
360843
360853
360861
360923
362192
362218
362256
362265
362270
362296
362375
362400
362430
362491
362528
362576
362671
362832
362877
362896
362968
362990
363024
363040
363086
363095
363120
363139
363146
363155
369904
369958
369967
369984
370010
370019
370588
371960
371976
371992
373312
373332
373374
373384
373405
373430
373470
373495
373520
373545
373570
373595
373620
373645
394448
395136
395176
395179
395184
395216
395221
395223
395232
397152
397194
397209
397211
397248
397254
397261
397281
397288
397295
397310
397314
397322
397334
397424
397744
397764
397768
397789
397810
397835
397854
397868
397874
397887
397952
397986
398368
398412
398425
398441
398457
398520
398552
398558
398578
398617
398629
398639
398680
398688
427664
427750
427776
427819
427874
429360
429377
429405
440816
440829
440835
440857
440885
440894
440922
440935
440955
440979
440983
442544
442596
442602
442624
442652
442661
442686
442695
442701
442728
442749
442794
442813
442840
442864
442868
457104
457117
457139
457167
457176
457201
457216
457222
457242
457266
457270
457275
457287
457568
457638
457673
457706
457720
457734
462448
462502
462523
462640
462660
462683
462787
462827
463056
463072
463090
463168
463200
463211
463219
463235
463251
463276
463296
463392
465024
465033
465038
465616
465654
465688
465699
465746
465765
465780
465816
465864
465904
465912
465920
465937
465947
466032
466076
466096
466104
466112
466146
466168
466177
466187
466208
466217
466240
466255
466264
466274
466319
466336
466416
466504
466512
469456
469466
470720
470754
470766
470784
470960
471214
472688
472822
472851
473176
473191
473223
473228
473231
473294
473310
473320
473330
473456
473471
473490
473504
473519
473529
473539
473556
473574
473581
473611
473621
473638
473648
473671
473792
473856
473880
473908
473916
475008
475169
475280
475728
475766
475775
475785
475808
475816
478192
478221
478240
478255
478268
480576
480627
480643
480660
480712
482800
483208
483618
483638
483668
483680
483697
483699
484704
484744
484802
484919
484953
484972
484976
484985
484989
484997
485010
485024
485157
485167
495088
495118
495156
495305
495328
495337
495375
495440
495481
495519
495735
496320
496336
496388
496392
496400
496408
496528
496554
496765
496947
496951
497012
497355
497373
497554
497647
497829
497845
497871
497941
498133
498600
498668
498687
498705
498729
498746
498938
499001
499013
499066
499085
499129
499210
499430
500784
500822
500842
500872
500883
500894
500902
500924
500934
501282
501312
501332
504416
504432
504608
513120
513129
513152
513166
513185
513504
513518
513563
518752
518769
518774
522448
522496
522510
522529
526048
526065
526081
526090
526119
526200
526203
526224
526384
526393
526403
526423
526496
526522
526524
526531
530608
530656
530674
530683
530746
531376
532144
532528
532533
532546
532560
532569
532580
532608
532684
532718
532735
532740
532747
532766
532768
532792
532863
532884
532896
532910
532929
534384
534398
534417
537152
537158
537163
537174
537179
537193
537198
537210
537215
537232
537275
538272
538286
538305
541392
541406
541451
541456
541465
541470
541515
557616
557630
557675
575920
575929
575934
575945
575950
575968
575973
575985
576004
576012
576043
576048
576112
576121
576128
576170
576212
576224
576238
578448
578462
578481
578672
578774
590608
590672
590695
590728
590741
590764
590785
590806
590827
590833
590854
590875
590919
590932
590945
590971
590992
591013
591034
591055
591076
591097
591118
595137
595164
595181
615696
615710
618080
618089
618448
618482
618488
618520
618531
618564
618596
618621
618628
618648
618650
618704
618712
618721
618729
618738
618752
618761
618770
618781
618791
618802
618807
618883
618931
618940
618998
619016
619104
619161
619174
619189
619198
619213
619280
619328
619344
619373
619387
619424
619440
619459
619477
619501
619512
619522
619530
619543
619564
619592
619600
619605
619645
619688
619878
619886
619952
619962
619980
619988
619996
621024
621075
621084
621092
621119
621133
621138
621157
621165
621174
621417
621456
621500
621507
650640
650688
652192
652199
652212
652220
652560
652569
652576
652588
653728
653757
653767
653773
653775
653783
653788
653792
653816
653823
653827
654080
657600
657610
657622
661648
661670
661678
661691
661696
664112
664133
664152
664162
664165
664173
664178
664190
664192
664194
664704
664726
664739
666448
666468
666544
666554
666568
666576
666588
666691
666704
666736
666768
666808
666840
666872
666904
666936
666968
667000
667032
667072
667120
667172
667187
667219
667227
667237
667269
667301
667333
667354
667459
667480
667490
667688
667712
667724
667736
667748
667760
667777
667888
669584
669595
669664
669696
669728
669750
669754
669765
669777
669800
669834
669847
669852
669888
669900
670016
670063
670085
670110
670115
670208
670213
670231
670250
670272
670280
670293
670369
670496
670505
670517
682368
707968
708000
708096
708104
717072
717153
717166
717175
717185
717231
717376
717405
717442
717454
717466
717528
717560
717575
717656
717669
717695
717843
718359
718373
718408
718451
718467
718487
723813
723836
723838
724043
724066
724074
724090
724348
725067
725207
725225
725306
725325
727313
729628
729650
729663
729692
730718
730734
730762
737504
737521
737532
737776
737808
737824
738400
738470
738664
738695
739088
739296
739320
739652
739880
740392
740438
741120
741180
741209
741234
741247
741264
741295
741350
741462
741485
741505
741533
741590
741827
742041
742099
742288
742305
742309
742336
742358
742510
742532
742575
742658
742735
742739
742836
742874
742884
742936
742990
743004
743088
743104
743456
743536
743680
743695
743704
743800
743844
743863
743941
743985
744042
744080
744084
744090
744103
744112
744131
744176
744264
744383
744421
744619
744688
744701
744706
744716
744724
744733
744768
745224
745904
745948
745979
746077
746400
746410
746418
746887
747060
747096
747127
747210
747339
747354
758944
758963
758979
758983
758999
759009
759042
759068
759077
759094
759112
759184
759192
767152
767166
767185
790512
790519
790531
791344
791356
791376
791399
791528
791552
791562
791570
791584
792592
792640
792653
792665
792673
792685
792691
792700
792720
792732
792832
792858
792866
792912
792948
792970
792982
793014
793035
793042
793071
793112
793133
793245
793304
793334
793436
796608
796657
796674
796693
796742
796763
796817
796871
796912
796937
797025
797031
797056
797087
797103
797136
797144
797176
797196
797200
797220
797233
797245
797276
797289
831536
831600
832976
833088
866336
866366
866960
866985
866992
867012
867024
867048
867056
867061
879776
879800
879803
879814
879825
879854
879872
879883
879891
879899
879910
879916
891904
891931
891936
891942
891951
898808
898817